-57.92629248
48.36309854910675
34.132019635865376
42.011613452474386
-67.312263168
69.89155045905078
28.233374157589726
40.61235866535316
-35.893559808
46.22546080258848
19.469468546809853
24.191612316189794
-42.225297408
42.04067493437632
4.011761042207772
19.34867861377975
-66.902575104
69.5894219362813
37.57283055027224
52.69305380720424
-71.441284608
5.604280079130333
0.48121273260241115
0.15382316971400822
-63.127531008
3.5272056578943994e-05
0.006419939577039275
0.00377832347008626
-81.149948928
71.466998133961
34.60786580880503
49.21565167323109
-63.979047936
68.02844370759978
33.75803875190159
49.86648026585619
-56.731083264
56.45701823124024
20.03917430491842
30.44064963631986
