-70.733758464
53.95644186801884
36.955786092308614
50.06841667215801
-66.467602944
67.74989267205112
25.079081438748407
37.68846650370256
-36.382528512
1.3624412020400365
23.79310960591648
32.381272295242525
-40.550547456
68.03819913263347
27.921710795272976
46.58232279889202
-38.36754432
64.37034816255158
19.755426527669876
39.47924882630872
-63.127531008
0.0006378764704638526
0.21398033093866595
0.007524825031016318
-35.160321024
2.5398947486469297
28.20953011957677
35.35731285942801
-65.924637696
52.269864676284385
22.33560923912115
25.876446502891298
-59.198211072
72.93149015256641
36.01871100663024
46.45342664790807
-56.133264384
52.713075037502634
21.174374847112997
26.218446145442602
