-64.908131328
40.36864875044949
29.890536457450356
38.84477497306268
-44.770848768
0.3894023738162249
6.907491674213909
1.409240741479198
-51.4145664
44.221924705820584
19.019146667332137
29.70661930912121
-46.238183424
0.19084066110276787
13.153059696214578
8.703144363964036
-69.508122624
62.02967466475331
29.09259506741749
41.671576655569105
-45.508801536
0.12926209563502317
8.826210153455003
2.776661763163409
-42.475995648
23.93169159003475
5.392243000538411
10.228230316012679
-37.70972928
4.44626861407025
0.8070515498882828
0.4872391320109785
-33.974111232
5.257085510097319
8.735632002290137
5.837446235290215
-38.223553536
13.504568860016114
17.9291986075592
29.794126913214146
